20
O94761_DEAD_DE4.7  0.0000000 1.4368108 4.8440408 4.4361465 4.8567803 3.9991336 8.4346121 3.5730106 4.8397098 7.3302145 4.1350555 4.5970328 5.0278948 4.2585588 3.6465449 5.1713297 3.7387960 3.8695733 4.6728904 4.8094021 
O94762_DEAD_DE8.2  1.4368108 0.0000000 5.1743653 4.2925239 5.0198641 3.9319002 8.9999985 3.9046404 4.6207962 6.4165057 3.3687280 3.2820145 3.3554814 3.6516160 2.9148021 4.0470894 3.3708067 3.9295073 3.5434928 4.2052249 
P0A8J8_DEAD_DE9.2  4.8440408 5.1743653 0.0000000 2.2872254 2.2442904 1.9379440 5.5923681 1.6910294 2.0330348 5.0841249 2.0056251 2.0869878 2.1442876 2.4875995 4.0856598 1.7944610 1.7874751 4.7508835 4.7037900 2.0076961 
Q12099_DEAD_DE9.5  4.4361465 4.2925239 2.2872254 0.0000000 0.8213295 1.9643958 4.5962835 2.2173318 1.7448414 5.1327276 1.9636945 1.7816680 1.9841946 1.8649284 4.2244292 1.6961429 2.0178090 3.3567432 3.6233515 2.0624673 
Q9C8J1_DEAD_DE9.8  4.8567803 5.0198641 2.2442904 0.8213295 0.0000000 2.0380961 4.9738782 2.2687370 1.7325025 4.5236785 2.1700705 2.0973449 2.5225318 2.1749588 4.0826989 1.9801129 2.1833345 3.4547933 3.6666443 2.4962245 
Q8K363_DEAD_DE9.9  3.9991336 3.9319002 1.9379440 1.9643958 2.0380961 0.0000000 4.5354277 1.7934021 2.2978434 4.5080991 1.4714586 1.8170206 1.8250855 2.2130999 3.3530571 1.5026610 1.8381576 3.0085017 3.9478712 2.0474459 
Q6PE54_DEAD_DE10.2 8.4346121 8.9999985 5.5923681 4.5962835 4.9738782 4.5354277 0.0000000 6.3561969 5.8138121 1.5272302 5.6581623 5.4683788 6.0353827 5.1037182 5.7049366 5.8160616 4.4601526 5.2943321 6.2385218 5.5375847 
P17844_DEAD_DE10.5 3.5730106 3.9046404 1.6910294 2.2173318 2.2687370 1.7934021 6.3561969 0.0000000 2.0383929 5.7503111 1.7459355 2.3727646 1.7136844 2.2601263 4.0707213 2.0692736 1.7487817 5.0660887 3.7669979 1.4406229 
O61305_DEAD_DE10.8 4.8397098 4.6207962 2.0330348 1.7448414 1.7325025 2.2978434 5.8138121 2.0383929 0.0000000 4.8426938 2.3717981 2.4589551 2.2386986 2.9173415 4.1114094 2.1737910 2.1603210 5.1739643 4.8311170 2.2437183 
Q6P5D3_DEAD_DE11.0 7.3302145 6.4165057 5.0841249 5.1327276 4.5236785 4.5080991 1.5272302 5.7503111 4.8426938 0.0000000 5.0604281 4.8264157 4.8468352 4.8835514 5.2493498 5.7306247 4.1940450 3.9844550 4.7015316 4.6779073 
Q4FZF3_DEAD_DE11.2 4.1350555 3.3687280 2.0056251 1.9636945 2.1700705 1.4714586 5.6581623 1.7459355 2.3717981 5.0604281 0.0000000 1.7313584 1.5272366 1.9384855 4.0540240 1.8016605 1.4117964 3.7451458 3.6086241 1.5326343 
Q9D0R4_DEAD_DE11.4 4.5970328 3.2820145 2.0869878 1.7816680 2.0973449 1.8170206 5.4683788 2.3727646 2.4589551 4.8264157 1.7313584 0.0000000 2.1529702 2.4339304 3.5750825 2.1830859 2.0279231 4.0128731 4.0423899 2.1648466 
P23394_DEAD_DE11.6 5.0278948 3.3554814 2.1442876 1.9841946 2.5225318 1.8250855 6.0353827 1.7136844 2.2386986 4.8468352 1.5272366 2.1529702 0.0000000 2.4672792 4.0683416 1.6291621 1.7880853 4.3432540 4.0820961 1.1773672 
Q8W4E1_DEAD_DE11.9 4.2585588 3.6516160 2.4875995 1.8649284 2.1749588 2.2130999 5.1037182 2.2601263 2.9173415 4.8835514 1.9384855 2.4339304 2.4672792 0.0000000 5.1452649 2.3765511 2.3196016 4.3422031 3.3796870 2.8498323 
P30958_DEAD_DE12.3 3.6465449 2.9148021 4.0856598 4.2244292 4.0826989 3.3530571 5.7049366 4.0707213 4.1114094 5.2493498 4.0540240 3.5750825 4.0683416 5.1452649 0.0000000 3.8990230 4.1952842 3.2682456 4.0546108 4.5010669 
Q9FVV4_DEAD_DE12.6 5.1713297 4.0470894 1.7944610 1.6961429 1.9801129 1.5026610 5.8160616 2.0692736 2.1737910 5.7306247 1.8016605 2.1830859 1.6291621 2.3765511 3.8990230 0.0000000 2.0644132 3.5181537 4.8889419 1.9871230 
Q9ESV0_DEAD_DE12.9 3.7387960 3.3708067 1.7874751 2.0178090 2.1833345 1.8381576 4.4601526 1.7487817 2.1603210 4.1940450 1.4117964 2.0279231 1.7880853 2.3196016 4.1952842 2.0644132 0.0000000 4.1537983 4.1495297 1.8699895 
P35207_DEAD_DE13.3 3.8695733 3.9295073 4.7508835 3.3567432 3.4547933 3.0085017 5.2943321 5.0660887 5.1739643 3.9844550 3.7451458 4.0128731 4.3432540 4.3422031 3.2682456 3.5181537 4.1537983 0.0000000 2.6769794 5.2959660 
Q6P4T2_DEAD_DE14.0 4.6728904 3.5434928 4.7037900 3.6233515 3.6666443 3.9478712 6.2385218 3.7669979 4.8311170 4.7015316 3.6086241 4.0423899 4.0820961 3.3796870 4.0546108 4.8889419 4.1495297 2.6769794 0.0000000 4.5754461 
Q9FZ92_DEAD_DE17.0 4.8094021 4.2052249 2.0076961 2.0624673 2.4962245 2.0474459 5.5375847 1.4406229 2.2437183 4.6779073 1.5326343 2.1648466 1.1773672 2.8498323 4.5010669 1.9871230 1.8699895 5.2959660 4.5754461 0.0000000 
