20
O95793_dsRBD_DE3.4  0.0000000 7.7919089 4.1535785 4.9411289 3.0819833 5.1171999 4.8783253 3.1833681 5.3964124 4.5059604 5.0350309 7.2090451 4.4749051 4.2973729 2.7225342 3.5501233 4.4316693 4.6480501 3.7832689 6.7624932 
Q22307_dsRBD_DE5.8  7.7919089 0.0000000 3.5293299 2.6821805 3.6081034 3.4604929 3.7074284 4.4945197 4.2355100 3.8028968 3.7022223 4.4657054 2.7432611 3.4161824 4.2299076 4.8051564 3.6094351 3.1761092 3.0581434 4.0528586 
Q02555_dsRBD_DE6.2  4.1535785 3.5293299 0.0000000 5.6210581 2.9415350 4.4877913 5.5367145 4.6168452 5.2786075 4.0263536 3.3825809 4.1541009 3.3814844 6.5118462 4.3289627 6.0414993 4.4567655 4.4097994 3.7591818 5.8614064 
Q08211_dsRBD_DE7.1  4.9411289 2.6821805 5.6210581 0.0000000 4.1096636 3.4045419 5.7351626 3.0911049 4.4050790 4.3815901 4.1690331 4.8255746 3.7351992 2.7428179 4.7052672 3.4362457 3.0063582 4.0143574 2.3668520 3.1819952 
Q9NS39_dsRBD_DE7.4  3.0819833 3.6081034 2.9415350 4.1096636 0.0000000 4.1184257 2.9360807 2.2908359 2.0981586 3.1156407 2.5460649 2.7074158 2.0217249 2.7684573 2.4954082 2.5906399 3.8911878 3.1404268 1.4679632 5.5149456 
O70133_dsRBD_DE7.7  5.1171999 3.4604929 4.4877913 3.4045419 4.1184257 0.0000000 2.5803789 5.1862841 3.4247041 3.1035959 3.6884768 3.7746932 3.3804420 2.7771499 2.8488428 4.5154365 3.5102512 3.4217458 2.8240099 4.4407926 
O04492_dsRBD_DE7.8  4.8783253 3.7074284 5.5367145 5.7351626 2.9360807 2.5803789 0.0000000 5.0090085 3.7778846 3.3633291 3.9261072 3.0838808 2.4471348 2.0004777 2.1311396 4.0854620 3.4733285 4.4921290 3.3741759 4.8701287 
Q9NUL3_dsRBD_DE8.2  3.1833681 4.4945197 4.6168452 3.0911049 2.2908359 5.1862841 5.0090085 0.0000000 4.2485913 3.2647032 2.4858094 4.5354357 2.6930836 3.3273337 3.4217858 2.6494083 3.6316779 2.6042542 2.4984823 8.9023052 
Q5SUE7_dsRBD_DE9.1  5.3964124 4.2355100 5.2786075 4.4050790 2.0981586 3.4247041 3.7778846 4.2485913 0.0000000 3.4195578 3.2997769 3.4030783 3.5022123 3.2188657 3.1283937 2.8959437 4.4209858 3.5464613 2.3630861 7.3709000 
P97473_dsRBD_DE9.4  4.5059604 3.8028968 4.0263536 4.3815901 3.1156407 3.1035959 3.3633291 3.2647032 3.4195578 0.0000000 1.6970783 2.5781166 1.7749060 3.5659766 3.1628404 3.0192458 4.4489108 1.8931210 2.1935867 5.4168843 
P25159_dsRBD_DE9.7  5.0350309 3.7022223 3.3825809 4.1690331 2.5460649 3.6884768 3.9261072 2.4858094 3.2997769 1.6970783 0.0000000 2.9618832 2.8615998 3.1851138 2.0562846 2.7190899 6.1834304 0.7248323 2.6058682 8.9999981 
Q9SP32_dsRBD_DE9.8  7.2090451 4.4657054 4.1541009 4.8255746 2.7074158 3.7746932 3.0838808 4.5354357 3.4030783 2.5781166 2.9618832 0.0000000 3.1245751 4.2615581 2.8265215 3.7058120 3.8000325 3.3558003 2.4928884 3.4396407 
P0A7Y0_dsRBD_DE10.3 4.4749051 2.7432611 3.3814844 3.7351992 2.0217249 3.3804420 2.4471348 2.6930836 3.5022123 1.7749060 2.8615998 3.1245751 0.0000000 2.0535443 3.2658905 3.1138345 2.9804812 3.1969899 2.2981534 5.8290462 
O04492_dsRBD_DE10.6 4.2973729 3.4161824 6.5118462 2.7428179 2.7684573 2.7771499 2.0004777 3.3273337 3.2188657 3.5659766 3.1851138 4.2615581 2.0535443 0.0000000 3.4043697 2.7011610 1.8754301 3.0572217 2.5858452 5.8942041 
O75569_dsRBD_DE10.8 2.7225342 4.2299076 4.3289627 4.7052672 2.4954082 2.8488428 2.1311396 3.4217858 3.1283937 3.1628404 2.0562846 2.8265215 3.2658905 3.4043697 0.0000000 2.9137327 3.0667154 2.3605229 3.0439369 5.0399317 
P55265_dsRBD_DE10.9 3.5501233 4.8051564 6.0414993 3.4362457 2.5906399 4.5154365 4.0854620 2.6494083 2.8959437 3.0192458 2.7190899 3.7058120 3.1138345 2.7011610 2.9137327 0.0000000 3.8957503 2.5690890 1.9657332 5.1017570 
Q9D7B1_dsRBD_DE11.1 4.4316693 3.6094351 4.4567655 3.0063582 3.8911878 3.5102512 3.4733285 3.6316779 4.4209858 4.4489108 6.1834304 3.8000325 2.9804812 1.8754301 3.0667154 3.8957503 0.0000000 3.3034636 2.6038029 5.2990807 
O95793_dsRBD_DE12.5 4.6480501 3.1761092 4.4097994 4.0143574 3.1404268 3.4217458 4.4921290 2.6042542 3.5464613 1.8931210 0.7248323 3.3558003 3.1969899 3.0572217 2.3605229 2.5690890 3.3034636 0.0000000 2.0469895 8.8215205 
Q91WM1_dsRBD_DE14.5 3.7832689 3.0581434 3.7591818 2.3668520 1.4679632 2.8240099 3.3741759 2.4984823 2.3630861 2.1935867 2.6058682 2.4928884 2.2981534 2.5858452 3.0439369 1.9657332 2.6038029 2.0469895 0.0000000 4.8696827 
Q9BWU0_dsRBD_DE18.8 6.7624932 4.0528586 5.8614064 3.1819952 5.5149456 4.4407926 4.8701287 8.9023052 7.3709000 5.4168843 8.9999981 3.4396407 5.8290462 5.8942041 5.0399317 5.1017570 5.2990807 8.8215205 4.8696827 0.0000000 
