20
P58223_KH_1_DE3.8     0.0000000 2.7124567 1.9981263 1.6288634 3.0403922 2.3983887 1.7094691 2.3722139 1.8737369 2.3127600 3.5124281 4.3898353 2.3812590 3.6669914 1.5339341 2.1629189 7.6908270 5.3799441 2.6365827 2.7932949 
A0A0B4KGY6_KH_1_DE6.1 2.7124567 0.0000000 1.9506398 3.0363908 2.8737409 3.4553293 2.9905298 2.3785940 2.1440719 2.4212119 2.6180232 3.1126812 2.4895969 3.6075501 4.0145384 3.7976676 2.9830379 4.2638895 3.2311854 4.1064054 
Q9JKN6_KH_1_DE6.7     1.9981263 1.9506398 0.0000000 1.7716108 2.1553426 2.6369804 1.8199206 1.8742398 1.9165785 1.9541278 2.9145587 2.6660387 1.9539995 2.7810435 1.8032322 2.4398163 3.5252044 4.1218213 3.3526414 2.6593705 
O00425_KH_1_DE7.8     1.6288634 3.0363908 1.7716108 0.0000000 2.3885001 2.6253972 0.1654904 2.2364716 2.2215221 2.7538975 2.2361324 4.7369434 2.6895230 2.7494581 2.4661282 1.9402799 4.0368245 4.5092661 2.6185298 2.7738129 
P38199_KH_1_DE7.9     3.0403922 2.8737409 2.1553426 2.3885001 0.0000000 3.1825779 2.3847391 2.1084749 1.9243891 2.7800905 3.1484927 5.5721318 2.7081298 3.4444468 3.1255980 3.3467093 3.9358686 5.7598407 2.8941551 3.4608022 
Q8W4B1_KH_1_DE8.8     2.3983887 3.4553293 2.6369804 2.6253972 3.1825779 0.0000000 2.7665196 1.9584909 1.6554880 3.1212846 3.4298725 4.1528221 2.8252743 2.9820615 3.1177551 3.4846510 3.6129325 3.9560247 2.3661042 3.3923443 
Q9PW80_KH_1_DE9.2     1.7094691 2.9905298 1.8199206 0.1654904 2.3847391 2.7665196 0.0000000 2.2368008 1.9719603 2.9862649 2.0676175 5.0794815 2.7188682 2.5068911 2.4993057 1.6907590 3.9065678 3.9722760 2.5165442 2.4683739 
Q61990_KH_1_DE9.7     2.3722139 2.3785940 1.8742398 2.2364716 2.1084749 1.9584909 2.2368008 0.0000000 1.8925305 3.3932132 3.3151496 3.4421295 3.4601952 3.6544593 2.2330261 1.8815982 3.5175599 4.7871961 2.4133206 3.2573374 
P58223_KH_1_DE10.2    1.8737369 2.1440719 1.9165785 2.2215221 1.9243891 1.6554880 1.9719603 1.8925305 0.0000000 2.1807214 2.1717012 5.7374895 2.0716739 3.2066859 2.4377529 2.6624523 3.0561753 3.6270601 2.1638064 2.7927571 
Q9NZI8_KH_1_DE10.8    2.3127600 2.4212119 1.9541278 2.7538975 2.7800905 3.1212846 2.9862649 3.3932132 2.1807214 0.0000000 2.7280400 3.0022419 0.1605100 3.5964762 2.6028449 3.3714707 4.2300345 3.6642037 2.2707165 2.6725390 
Q3UE17_KH_1_DE11.5    3.5124281 2.6180232 2.9145587 2.2361324 3.1484927 3.4298725 2.0676175 3.3151496 2.1717012 2.7280400 0.0000000 3.4073141 2.7024071 1.4348665 3.6144717 2.2595305 2.7501760 3.6249095 2.8215297 3.8052433 
Q8K1R3_KH_1_DE12.1    4.3898353 3.1126812 2.6660387 4.7369434 5.5721318 4.1528221 5.0794815 3.4421295 5.7374895 3.0022419 3.4073141 0.0000000 2.9969267 3.3733124 3.9176507 4.4082148 4.0677195 2.6622655 3.7327532 2.9059444 
Q9Y6M1_KH_1_DE12.3    2.3812590 2.4895969 1.9539995 2.6895230 2.7081298 2.8252743 2.7188682 3.4601952 2.0716739 0.1605100 2.7024071 2.9969267 0.0000000 3.0477959 2.5718305 3.3251412 4.1340925 3.4557137 2.0486798 2.7116232 
A1L020_KH_1_DE13.1    3.6669914 3.6075501 2.7810435 2.7494581 3.4444468 2.9820615 2.5068911 3.6544593 3.2066859 3.5964762 1.4348665 3.3733124 3.0477959 0.0000000 3.3451064 2.7533349 4.0620673 5.1431507 2.5972951 2.9126747 
F4KDN0_KH_1_DE13.2    1.5339341 4.0145384 1.8032322 2.4661282 3.1255980 3.1177551 2.4993057 2.2330261 2.4377529 2.6028449 3.6144717 3.9176507 2.5718305 3.3451064 0.0000000 2.6678966 6.1521991 7.9306935 3.3713061 2.2052270 
O88477_KH_1_DE13.8    2.1629189 3.7976676 2.4398163 1.9402799 3.3467093 3.4846510 1.6907590 1.8815982 2.6624523 3.3714707 2.2595305 4.4082148 3.3251412 2.7533349 2.6678966 0.0000000 3.8775601 4.5674670 2.8790162 3.7866864 
Q00341_KH_1_DE14.8    7.6908270 2.9830379 3.5252044 4.0368245 3.9358686 3.6129325 3.9065678 3.5175599 3.0561753 4.2300345 2.7501760 4.0677195 4.1340925 4.0620673 6.1521991 3.8775601 0.0000000 4.0594187 2.1045698 2.9002288 
P51116_KH_1_DE15.3    5.3799441 4.2638895 4.1218213 4.5092661 5.7598407 3.9560247 3.9722760 4.7871961 3.6270601 3.6642037 3.6249095 2.6622655 3.4557137 5.1431507 7.9306935 4.5674670 4.0594187 0.0000000 3.7957796 4.5648878 
P35922_KH_1_DE17.0    2.6365827 3.2311854 3.3526414 2.6185298 2.8941551 2.3661042 2.5165442 2.4133206 2.1638064 2.2707165 2.8215297 3.7327532 2.0486798 2.5972951 3.3713061 2.8790162 2.1045698 3.7957796 0.0000000 2.2467680 
P05055_KH_1_DE20.3    2.7932949 4.1064054 2.6593705 2.7738129 3.4608022 3.3923443 2.4683739 3.2573374 2.7927571 2.6725390 3.8052433 2.9059444 2.7116232 2.9126747 2.2052270 3.7866864 2.9002288 4.5648878 2.2467680 0.0000000 
