20
Q02260_LSM_DE4.3  0.0000000 0.9968205 3.5353846 3.0477928 3.0727275 1.5782193 3.2308725 2.1603286 4.0831026 4.8115402 2.4484512 6.2413008 4.5552988 4.2138580 2.4099867 2.2078416 3.5675172 2.1524261 4.3778704 3.0798943 
P62315_LSM_DE7.7  0.9968205 0.0000000 3.4335201 2.6406829 2.5367266 2.2993438 2.8665336 2.3009149 3.4799803 4.3849320 2.8900074 4.8535745 4.5888307 4.1059958 1.9472634 2.0826704 3.0946587 3.3317731 4.6681953 3.3259884 
P62316_LSM_DE8.2  3.5353846 3.4335201 0.0000000 3.4497905 3.2703539 3.5046860 3.4600057 3.3699800 3.1534140 3.2369490 2.4000958 3.4327153 2.4501749 2.5706252 3.8834482 4.4676841 3.0041127 1.9858629 2.8248144 1.9970432 
P34659_LSM_DE9.2  3.0477928 2.6406829 3.4497905 0.0000000 0.3753872 2.5931763 1.0614744 2.7934894 3.2927533 3.5039245 2.4159420 3.7964408 3.2735712 3.1531400 3.0795683 2.8175243 2.7692908 2.7595002 2.7666265 2.6839486 
P62307_LSM_DE9.4  3.0727275 2.5367266 3.2703539 0.3753872 0.0000000 2.5857107 0.8919140 2.2022784 3.1490710 3.4880094 2.8064137 3.8275343 3.4538893 3.7460597 2.7631958 2.8474682 2.6488595 3.2771339 3.5094486 2.8223743 
O35900_LSM_DE10.6 1.5782193 2.2993438 3.5046860 2.5931763 2.5857107 0.0000000 2.3986938 1.8958493 5.1617350 4.6711358 3.7671590 4.7945516 4.2067556 4.9606290 2.6441626 2.9385113 4.7154531 2.7633361 4.1606427 2.6068168 
P62313_LSM_DE10.8 3.2308725 2.8665336 3.4600057 1.0614744 0.8919140 2.3986938 0.0000000 2.3828168 3.0886864 3.0468840 2.3017173 3.3576986 3.0899773 3.0102550 3.1061880 3.3910116 2.4748958 2.2868210 2.8208807 2.2886703 
Q9Y4Z0_LSM_DE10.8 2.1603286 2.3009149 3.3699800 2.7934894 2.2022784 1.8958493 2.3828168 0.0000000 4.5167988 4.2133825 3.3899832 3.5981483 4.8282380 4.4357601 1.7438785 1.7351610 4.0269941 2.5642045 4.3879533 3.7804201 
Q9BRA0_LSM_DE11.4 4.0831026 3.4799803 3.1534140 3.2927533 3.1490710 5.1617350 3.0886864 4.5167988 0.0000000 3.2087611 2.5761961 2.0627796 2.5424042 1.9874397 4.7429118 5.5271418 2.3807206 2.6672905 3.1440796 3.2586897 
O15116_LSM_DE12.1 4.8115402 4.3849320 3.2369490 3.5039245 3.4880094 4.6711358 3.0468840 4.2133825 3.2087611 0.0000000 2.3268356 2.2614611 0.6960435 2.3249256 6.9504125 7.8376243 2.3926049 2.0808935 0.7124600 2.6345876 
A8MWD9_LSM_DE12.5 2.4484512 2.8900074 2.4000958 2.4159420 2.8064137 3.7671590 2.3017173 3.3899832 2.5761961 2.3268356 0.0000000 2.0843776 2.0947117 2.3118976 4.0413472 4.4692172 1.3166252 1.8328065 1.8201209 2.1347759 
P40018_LSM_DE13.3 6.2413008 4.8535745 3.4327153 3.7964408 3.8275343 4.7945516 3.3576986 3.5981483 2.0627796 2.2614611 2.0843776 0.0000000 2.0080999 1.0523962 4.8058770 4.2143941 2.3849945 2.6808071 2.0590455 3.0924991 
Q945P8_LSM_DE13.4 4.5552988 4.5888307 2.4501749 3.2735712 3.4538893 4.2067556 3.0899773 4.8282380 2.5424042 0.6960435 2.0947117 2.0080999 0.0000000 2.4455500 7.2709248 8.9999982 2.0476757 2.1292522 0.9584645 2.1477963 
P63162_LSM_DE13.7 4.2138580 4.1059958 2.5706252 3.1531400 3.7460597 4.9606290 3.0102550 4.4357601 1.9874397 2.3249256 2.3118976 1.0523962 2.4455500 0.0000000 4.6124058 4.4601865 2.1449922 2.2686006 1.8832657 2.3162806 
Q9S7E6_LSM_DE13.8 2.4099867 1.9472634 3.8834482 3.0795683 2.7631958 2.6441626 3.1061880 1.7438785 4.7429118 6.9504125 4.0413472 4.8058770 7.2709248 4.6124058 0.0000000 0.5504104 4.3202979 3.2809690 5.3722296 3.3757310 
P62320_LSM_DE14.1 2.2078416 2.0826704 4.4676841 2.8175243 2.8474682 2.9385113 3.3910116 1.7351610 5.5271418 7.8376243 4.4692172 4.2143941 8.9999982 4.4601865 0.5504104 0.0000000 5.0556997 4.1832594 7.0802954 3.9783396 
Q9CQQ8_LSM_DE15.1 3.5675172 3.0946587 3.0041127 2.7692908 2.6488595 4.7154531 2.4748958 4.0269941 2.3807206 2.3926049 1.3166252 2.3849945 2.0476757 2.1449922 4.3202979 5.0556997 0.0000000 1.9040833 2.5003111 2.5137154 
P57743_LSM_DE15.5 2.1524261 3.3317731 1.9858629 2.7595002 3.2771339 2.7633361 2.2868210 2.5642045 2.6672905 2.0808935 1.8328065 2.6808071 2.1292522 2.2686006 3.2809690 4.1832594 1.9040833 0.0000000 1.7362836 1.0633757 
P47017_LSM_DE16.7 4.3778704 4.6681953 2.8248144 2.7666265 3.5094486 4.1606427 2.8208807 4.3879533 3.1440796 0.7124600 1.8201209 2.0590455 0.9584645 1.8832657 5.3722296 7.0802954 2.5003111 1.7362836 0.0000000 1.8966537 
Q9C6K5_LSM_DE20.8 3.0798943 3.3259884 1.9970432 2.6839486 2.8223743 2.6068168 2.2886703 3.7804201 3.2586897 2.6345876 2.1347759 3.0924991 2.1477963 2.3162806 3.3757310 3.9783396 2.5137154 1.0633757 1.8966537 0.0000000 
