20
Q8NG50_RRM_1_DE1.8  0.0000000 2.9419247 4.5844580 3.1329982 2.8423068 3.7425815 3.4197869 5.0569753 3.2564590 3.1851271 5.1450490 3.4895870 4.4821943 3.4495284 4.8367951 4.8093088 3.3577092 4.5994813 3.1926860 3.7275556 
P13469_RRM_1_DE7.5  2.9419247 0.0000000 4.2745134 2.9175785 3.4068219 4.1530432 3.5784291 4.0105613 3.9159090 3.3860222 6.5069163 3.8997263 3.4740655 3.2660289 4.7162415 4.4487159 2.6844806 3.7577936 3.6862972 3.2580711 
Q64707_RRM_1_DE9.1  4.5844580 4.2745134 0.0000000 3.8316488 3.3443635 3.6408295 2.7030067 6.1237670 2.9356760 2.9324621 4.9335564 3.5215432 3.3923158 2.9559616 4.0943607 4.0658906 3.4479293 3.5464909 3.5590423 3.5812304 
P0C7P1_RRM_1_DE10.0 3.1329982 2.9175785 3.8316488 0.0000000 2.0064220 1.7582417 1.6847536 2.0709267 1.5751254 1.8945034 3.4029861 1.4707338 1.9261041 0.6457628 3.1045479 2.9573381 3.6039469 3.7143469 1.8364324 2.3966790 
Q9FPJ8_RRM_1_DE10.4 2.8423068 3.4068219 3.3443635 2.0064220 0.0000000 1.5506424 2.3362075 3.9524893 2.1281778 2.0554509 3.5013615 2.0689768 2.4430303 2.3356701 4.2216413 2.3605080 3.4649135 4.2470525 3.2390816 4.1452729 
Q61701_RRM_1_DE11.3 3.7425815 4.1530432 3.6408295 1.7582417 1.5506424 0.0000000 1.7516196 3.2276177 1.7062317 1.4914065 1.8112977 1.7132494 2.0335798 2.1552311 2.8374098 2.8236387 2.5958463 2.8157913 2.2737371 2.5814383 
Q9ZQA8_RRM_1_DE11.6 3.4197869 3.5784291 2.7030067 1.6847536 2.3362075 1.7516196 0.0000000 3.1115180 1.9234058 0.8471754 2.3598932 1.6688113 1.9341934 1.9131666 2.6321151 3.0832437 2.9512805 2.5298372 2.4254985 2.7014729 
O15047_RRM_1_DE12.3 5.0569753 4.0105613 6.1237670 2.0709267 3.9524893 3.2276177 3.1115180 0.0000000 3.0183794 3.4523090 5.4137562 2.9980360 2.6398214 2.4234311 3.5912748 3.5750268 5.4559409 5.5447396 3.1216978 2.2104708 
P29341_RRM_1_DE12.9 3.2564590 3.9159090 2.9356760 1.5751254 2.1281778 1.7062317 1.9234058 3.0183794 0.0000000 1.5393988 4.9736608 1.7071627 2.6977293 1.8298792 3.9013440 3.7167023 3.5251362 3.0061131 2.6987106 3.2976792 
Q9FXA2_RRM_1_DE13.2 3.1851271 3.3860222 2.9324621 1.8945034 2.0554509 1.4914065 0.8471754 3.4523090 1.5393988 0.0000000 2.4564285 1.3746315 1.7227838 1.9150731 2.5255560 2.8557383 3.3600553 2.9888102 2.9228512 3.7837541 
Q9HCJ3_RRM_1_DE13.8 5.1450490 6.5069163 4.9335564 3.4029861 3.5013615 1.8112977 2.3598932 5.4137562 4.9736608 2.4564285 0.0000000 2.4206047 2.5185653 2.7190206 3.5486028 4.1095686 3.3242265 2.9468967 3.3848191 3.3944035 
Q86U06_RRM_1_DE14.3 3.4895870 3.8997263 3.5215432 1.4707338 2.0689768 1.7132494 1.6688113 2.9980360 1.7071627 1.3746315 2.4206047 0.0000000 1.6961701 1.4279832 3.6366065 2.8375464 3.6937188 2.5578679 2.4471976 2.3842252 
O04425_RRM_1_DE14.9 4.4821943 3.4740655 3.3923158 1.9261041 2.4430303 2.0335798 1.9341934 2.6398214 2.6977293 1.7227838 2.5185653 1.6961701 0.0000000 1.8290551 3.2419375 3.3337180 3.9376555 3.3983295 2.2916534 2.5998303 
P60824_RRM_1_DE15.5 3.4495284 3.2660289 2.9559616 0.6457628 2.3356701 2.1552311 1.9131666 2.4234311 1.8298792 1.9150731 2.7190206 1.4279832 1.8290551 0.0000000 2.5550155 2.2681820 2.8615025 2.9515041 1.4860783 1.7882447 
Q9XFR5_RRM_1_DE15.9 4.8367951 4.7162415 4.0943607 3.1045479 4.2216413 2.8374098 2.6321151 3.5912748 3.9013440 2.5255560 3.5486028 3.6366065 3.2419375 2.5550155 0.0000000 1.0114939 3.5700505 2.3546677 3.6717894 3.0983125 
Q8VE97_RRM_1_DE16.7 4.8093088 4.4487159 4.0658906 2.9573381 2.3605080 2.8236387 3.0832437 3.5750268 3.7167023 2.8557383 4.1095686 2.8375464 3.3337180 2.2681820 1.0114939 0.0000000 3.4947000 3.1198910 2.4189117 3.8770496 
Q9HCJ3_RRM_1_DE17.6 3.3577092 2.6844806 3.4479293 3.6039469 3.4649135 2.5958463 2.9512805 5.4559409 3.5251362 3.3600553 3.3242265 3.6937188 3.9376555 2.8615025 3.5700505 3.4947000 0.0000000 3.1543139 2.2799592 3.5768742 
Q8BGC0_RRM_1_DE19.2 4.5994813 3.7577936 3.5464909 3.7143469 4.2470525 2.8157913 2.5298372 5.5447396 3.0061131 2.9888102 2.9468967 2.5578679 3.3983295 2.9515041 2.3546677 3.1198910 3.1543139 0.0000000 3.3762969 3.6042834 
Q8VYA5_RRM_1_DE21.0 3.1926860 3.6862972 3.5590423 1.8364324 3.2390816 2.2737371 2.4254985 3.1216978 2.6987106 2.9228512 3.3848191 2.4471976 2.2916534 1.4860783 3.6717894 2.4189117 2.2799592 3.3762969 0.0000000 1.3513415 
P92966_RRM_1_DE25.9 3.7275556 3.2580711 3.5812304 2.3966790 4.1452729 2.5814383 2.7014729 2.2104708 3.2976792 3.7837541 3.3944035 2.3842252 2.5998303 1.7882447 3.0983125 3.8770496 3.5768742 3.6042834 1.3513415 0.0000000 
