20
A1Z9L3_S1_DE6.8      0.0000000 2.3298401 1.7052935 0.4877093 2.7109989 3.1337514 2.4883718 3.3582914 1.8846204 1.1092174 2.9366557 2.8629701 2.7820319 3.9932741 2.4507711 1.7964511 5.2572926 3.4498148 3.9144358 4.5827694 
Q8N5C6_S1_DE8.1      2.3298401 0.0000000 1.7403519 2.1376720 3.2418492 2.0623468 3.1724674 2.6260515 2.3596194 1.6735400 3.0507144 2.4833378 2.3181213 5.0055603 3.4055720 1.9939251 3.3700847 3.4480720 3.9131152 3.3659615 
Q93VC7_S1_DE8.6      1.7052935 1.7403519 0.0000000 1.6598009 2.4467362 2.2243954 2.3862600 2.6531767 1.9962169 1.4189063 2.3556276 2.6233576 1.9974395 4.0080084 2.0333836 1.2069032 3.6228043 3.7250817 2.8841358 2.8071032 
A2A4P0_S1_DE9.6      0.4877093 2.1376720 1.6598009 0.0000000 2.7336519 2.7605365 2.3215870 3.2820603 1.8242195 1.1971632 3.6515509 3.1598113 2.5704401 3.0935371 2.4001919 1.8157342 4.4151210 3.7390554 3.5124613 4.1069502 
Q8K1R3_S1_DE9.6      2.7109989 3.2418492 2.4467362 2.7336519 0.0000000 2.7037091 2.2052613 2.6475373 2.1677217 1.7327415 2.6317930 3.3897505 3.9411490 4.5939578 2.9022274 2.3999066 4.0870434 3.5821391 3.6823622 3.7964433 
Q6NS46_S1_DE9.7      3.1337514 2.0623468 2.2243954 2.7605365 2.7037091 0.0000000 1.9585639 0.2504924 2.6905954 2.4635766 2.5385093 2.1408151 2.9771708 4.0786444 3.7604470 2.3319668 3.0239722 2.7283869 3.3235333 2.6001992 
Q14690_S1_DE10.9     2.4883718 3.1724674 2.3862600 2.3215870 2.2052613 1.9585639 0.0000000 1.8337087 2.3891425 2.6299984 2.0803826 2.4742176 3.3666625 5.0086817 3.1429482 2.7307917 3.2526923 3.2148775 3.6895261 4.0899334 
Q14690_S1_DE11.3     3.3582914 2.6260515 2.6531767 3.2820603 2.6475373 0.2504924 1.8337087 0.0000000 2.5312491 2.4295517 2.5463714 2.3800370 2.9184791 4.2246667 3.7147445 2.1665475 3.0932582 2.5671076 3.4316700 2.4921780 
Q9ESX4_S1_DE11.6     1.8846204 2.3596194 1.9962169 1.8242195 2.1677217 2.6905954 2.3891425 2.5312491 0.0000000 1.4890756 3.1661873 3.5009204 3.7045675 3.5943376 3.1098891 1.4534867 4.0126114 3.5381338 3.2911158 3.6091205 
A0A0H3NM73_S1_DE12.5 1.1092174 1.6735400 1.4189063 1.1971632 1.7327415 2.4635766 2.6299984 2.4295517 1.4890756 0.0000000 2.5323498 2.4526125 1.7764578 4.0141390 2.1455167 1.3354052 4.2919527 2.0078434 3.9975661 3.1784730 
Q05022_S1_DE12.5     2.9366557 3.0507144 2.3556276 3.6515509 2.6317930 2.5385093 2.0803826 2.5463714 3.1661873 2.5323498 0.0000000 2.8528793 3.0725082 5.2160399 3.5240962 2.7417333 4.2236864 2.6672370 4.2044407 5.4777075 
Q05022_S1_DE12.7     2.8629701 2.4833378 2.6233576 3.1598113 3.3897505 2.1408151 2.4742176 2.3800370 3.5009204 2.4526125 2.8528793 0.0000000 2.7487781 3.7528260 3.1967553 2.3093190 2.6234424 2.6423118 3.4291041 3.3740416 
Q9SZD6_S1_DE13.2     2.7820319 2.3181213 1.9974395 2.5704401 3.9411490 2.9771708 3.3666625 2.9184791 3.7045675 1.7764578 3.0725082 2.7487781 0.0000000 3.3788917 3.6858619 2.0721484 3.2132838 3.4623652 3.4447490 2.9376151 
P38421_S1_DE13.8     3.9932741 5.0055603 4.0080084 3.0935371 4.5939578 4.0786444 5.0086817 4.2246667 3.5943376 4.0141390 5.2160399 3.7528260 3.3788917 0.0000000 7.2455433 4.5400866 3.6746380 3.8529824 0.8023151 3.6142784 
P41374_S1_DE14.7     2.4507711 3.4055720 2.0333836 2.4001919 2.9022274 3.7604470 3.1429482 3.7147445 3.1098891 2.1455167 3.5240962 3.1967553 3.6858619 7.2455433 0.0000000 2.5333100 5.0386345 2.8841383 5.6871277 4.6712917 
P0AG67_S1_DE15.5     1.7964511 1.9939251 1.2069032 1.8157342 2.3999066 2.3319668 2.7307917 2.1665475 1.4534867 1.3354052 2.7417333 2.3093190 2.0721484 4.5400866 2.5333100 0.0000000 2.9244612 2.8257558 3.5433098 3.2973917 
P0AFF6_S1_DE16.1     5.2572926 3.3700847 3.6228043 4.4151210 4.0870434 3.0239722 3.2526923 3.0932582 4.0126114 4.2919527 4.2236864 2.6234424 3.2132838 3.6746380 5.0386345 2.9244612 0.0000000 7.0920256 2.6858805 2.1759504 
Q93VC7_S1_DE17.2     3.4498148 3.4480720 3.7250817 3.7390554 3.5821391 2.7283869 3.2148775 2.5671076 3.5381338 2.0078434 2.6672370 2.6423118 3.4623652 3.8529824 2.8841383 2.8257558 7.0920256 0.0000000 3.1291722 3.9235732 
P62488_S1_DE17.5     3.9144358 3.9131152 2.8841358 3.5124613 3.6823622 3.3235333 3.6895261 3.4316700 3.2911158 3.9975661 4.2044407 3.4291041 3.4447490 0.8023151 5.6871277 3.5433098 2.6858805 3.1291722 0.0000000 3.3978381 
P0AG67_S1_DE21.7     4.5827694 3.3659615 2.8071032 4.1069502 3.7964433 2.6001992 4.0899334 2.4921780 3.6091205 3.1784730 5.4777075 3.3740416 2.9376151 3.6142784 4.6712917 3.2973917 2.1759504 3.9235732 3.3978381 0.0000000 
